"start_speed","pfx_x","pfx_z","x0","z0"
90.3,-8.04,5.03,-2.375,6.509
92.5,-4.61,9.03,-2.399,6.412
91.4,-7.35,5.58,-2.514,6.432
90.9,-7.86,6.06,-2.306,6.681
91.9,-7.21,6.69,-2.331,6.462
92.3,-8.26,6.52,-2.41,6.358
91.1,-9.34,6.9,-2.457,6.362
92,-3.37,10.09,-2.437,6.384
91.3,-10.02,5.21,-2.424,6.376
83.3,-0.49,1.33,-2.398,6.431
90.9,-10.76,1.27,-2.395,6.371
83,0.64,0.49,-2.307,6.538
83.8,-1.32,2.66,-2.236,6.453
92.4,-9.38,7.06,-2.295,6.142
91,-8.69,6.46,-2.321,6.342
87,-7.14,3.12,-2.478,6.424
82.5,-0.46,2.14,-2.45,6.602
83.8,-1.55,2.56,-2.374,6.464
91.8,-9.83,5.12,-2.315,6.494
82.8,0.43,1.27,-2.478,6.309
83.6,-0.23,0.12,-2.386,6.536
91.5,-7.91,3.01,-2.375,6.265
82.3,-0.36,-0.64,-2.622,6.547
83.5,-1.47,1.58,-2.519,6.333
90.8,-10.02,7.66,-2.489,6.255
93.1,-7.71,6.35,-2.424,6.177
92.1,-8.75,5.14,-2.538,6.311
84.3,-0.18,1.68,-2.273,6.317
92.2,-8.92,5.23,-2.355,6.153
85,0.26,0.6,-2.387,6.185
84.3,-0.26,1.33,-2.489,6.267
92.1,-7.91,7.31,-2.477,6.289
91.9,-8.32,3.28,-2.542,6.197
91.8,-8.08,3.6,-2.369,6.237
91.1,-10.14,4.92,-2.303,6.248
82.1,0.61,-0.25,-2.565,6.62
90.3,-10.08,4.28,-2.265,6.38
82.1,1.83,0.05,-2.459,6.526
83.6,2.76,2.04,-2.248,6.355
90.7,-9.66,2.75,-2.5,6.345
83,2.2,1.72,-2.348,6.362
94,-9.84,3.28,-2.497,6.061
86.7,-6.18,2.5,-2.438,6.613
76,-3.12,5.92,-2.941,7.378
83.5,-0.63,2.92,-2.447,6.506
83.7,0.3,1.17,-2.317,6.404
85,-0.69,2.24,-2.263,6.316
93.2,-8.06,3.84,-2.536,6.238
90.9,-6.45,2.65,-2.532,6.327
88.4,-7.28,5.21,-2.383,6.477
90.6,-7.56,7.24,-2.319,6.435
91.6,-9.31,4.5,-2.433,6.507
92.3,-7.59,4.7,-2.493,6.436
85.1,-1.16,3.04,-2.135,6.323
83.9,-0.87,1.27,-2.366,6.37
92.6,-7.25,7.23,-2.403,6.144
90.6,-9.95,2.84,-2.483,6.451
90,-9.17,3.51,-2.728,6.381
91.4,-9.02,5.09,-2.336,6.334
81.7,1.33,-1.14,-2.562,6.742
91.9,-9.02,3.77,-2.621,6.124
91.3,-9.63,2.98,-2.357,6.487
83,-0.87,0.71,-2.287,6.465
84.1,-0.71,0.27,-2.236,6.404
82.1,-0.23,0.41,-2.395,6.523
93,-11.53,5.98,-2.357,6.301
84.4,1.69,1.11,-2.38,6.28
92.7,-6.81,9.83,-2.351,6.118
92.7,-6.57,9.01,-2.544,5.902
84.5,-0.54,4.73,-2.357,5.933
92.6,-6.37,10.01,-2.178,6.163
80.3,7.85,-4.29,-2.484,6.147
82.6,1.48,-0.42,-2.677,6.027
92.3,-6.52,9.34,-2.194,6.234
94.2,-5.43,9.99,-1.843,6.44
84.9,0.69,-0.84,-2.325,6.066
84.2,0.93,1.46,-2.64,6.072
85,2.4,3.37,-2.357,5.936
92.5,-5.25,10.28,-2.345,6.146
91.7,-6.91,9.77,-2.281,6.016
87.4,-9.07,0.62,-1.837,5.632
87.2,-10.83,-1.65,-1.885,5.595
93.8,-11.77,4.99,-2.035,5.584
94.9,-11.55,4.96,-1.598,5.446
87.9,-10.42,2.45,-1.725,5.56
94.5,-5.62,8.22,-2.116,5.398
93.9,-9.59,4.71,-1.928,5.631
88.1,-12.33,0.91,-1.796,5.643
87.3,-10.84,-1.37,-1.722,5.666
87.6,-10.25,-0.52,-1.664,5.549
95.3,-10.28,3.5,-1.657,5.571
87.1,-9.23,1.53,-1.761,5.562
87.7,-10.43,-0.34,-1.405,5.517
87.9,-9.38,-0.61,-1.745,5.631
88.9,-11.65,4.15,-1.564,5.431
95,-7.19,6.55,-2.054,5.463
94.3,-5.24,7.54,-1.937,5.433
87.8,-7.74,5.19,-1.621,5.711
87.8,-9.81,-0.92,-1.643,5.62
94.2,-8.68,6.36,-1.823,5.327
88.6,-9.44,6.41,-1.503,5.544
88,-9.7,-0.62,-1.66,5.585
87.7,-11.21,-0.88,-1.781,5.644
87.9,-9.72,5.66,-1.65,5.754
94.9,-6.73,6.7,-1.643,5.513
94.7,-6.47,8.32,-1.736,5.371
78.7,8.5,-2.05,-2.115,6.253
78.7,5.28,0.13,-2.006,6.313
92.9,-7.88,7.09,-2.04,6.014
80.4,7.16,4.22,-1.984,6.131
92.5,-7.59,9.28,-2.078,6.062
81.6,3.91,-2.22,-2.061,6.153
79.2,6.34,-2.47,-2.178,6.255
93.5,-8.01,8.71,-1.752,6.049
93.1,-8.96,9.97,-1.932,5.99
92.7,-7.14,9.09,-1.938,6.134
79,8.26,-2.73,-2.198,6.223
93.1,-5.48,11.46,-1.539,6.166
93.1,-10.04,8.29,-1.949,5.856
79.9,7.49,-3.14,-2.27,6.54
92.8,-10.63,8.39,-1.923,6.006
93.6,-5.92,9.07,-1.914,6.038
93,-8.51,6.19,-1.876,5.971
92.9,-7.4,8.73,-2.052,6.073
81.7,6.67,-0.41,-2.102,6.077
93.8,-7.78,8.73,-1.651,5.874
93.2,-10,7.49,-1.888,6.072
93.9,12.68,4.76,1.861,5.257
93.4,11.45,3.97,2.013,5.537
84,-0.37,1.27,2.379,5.518
85.8,-0.77,4.06,2.496,5.492
95.8,11.93,5.05,1.986,5.316
86.6,-1.89,3.24,2.354,5.463
85.8,0.2,2.41,2.454,5.37
94.8,11.36,5.6,2.184,5.37
88.9,0.98,3.03,2.293,5.33
89.6,0.25,1.03,2.178,5.415
87.9,0.56,1.82,2.349,5.507
94.4,11.79,4.22,2.224,5.501
87.4,-0.34,2.67,2.415,5.553
95.5,10.54,2.47,2.063,5.176
94.7,9.56,3.38,2.179,5.325
84.7,-11.24,4.91,-1.396,5.567
89.9,-6.29,10.99,-0.999,5.714
87.5,-11.87,5.38,-1.324,5.34
82.2,1.1,3.36,-1.531,5.577
86.9,-10.56,4.75,-1.466,5.529
81.2,-10.88,2.9,-1.364,5.507
83.7,-8.94,3.71,-1.616,5.633
91.6,-6.1,8.65,-1.025,5.947
90.5,-6.18,9.19,-0.934,5.904
84.1,-9.27,6,-1.628,5.677
83.5,-2.69,6.37,-1.621,5.772
87.6,-8.17,6.39,-1.433,5.636
90,-4.13,7.65,-1.424,5.827
89.2,-3.56,9.91,-1.192,5.755
84.8,-9.09,5.09,-1.638,5.716
88.3,-5.67,7.75,-1.466,5.684
89,-5.71,9.22,-1.322,5.756
88.9,-2.68,9.8,-1.295,5.709
87.3,-9.31,6.94,-1.579,5.489
87.8,-9.6,5.35,-1.505,5.579
87.7,-9.22,5.09,-1.579,5.58
90.1,-3.77,9.76,-1.571,5.617
87.1,-8.34,5.06,-1.364,5.527
85.7,-9.39,5.04,-1.67,5.76
86.7,-8.62,3.67,-1.633,5.637
87.5,-8.66,3.83,-1.636,5.697
86.9,-10.21,4.56,-1.327,5.626
86.1,-6.28,10.12,-1.494,5.54
86.1,-6.14,8.86,-1.54,5.571
87.1,-8.51,5.63,-1.361,5.516
87.7,-4.03,9.82,-1.496,5.677
86,-9.72,3.52,-1.379,5.606
86.8,-8.85,3.82,-1.268,5.551
87.3,-10.67,4.72,-1.453,5.522
84.1,-8.16,5.55,-1.625,5.654
90.9,-4.25,10.86,-0.953,5.906
88.1,-10.23,5.72,-1.439,5.462
85.2,-8.79,9.62,-1.525,5.728
85.8,-9.93,6.49,-1.394,5.725
86,-9.92,5.23,-1.279,5.526
87.1,-9.22,3.33,-1.141,5.536
84.4,-8.78,4.67,-1.469,5.766
89.6,-5.05,10.39,-1.168,5.655
87.8,-12.68,4.17,-1.59,5.599
85.3,-11.61,8.2,-1.623,5.668
83.3,-9.42,5.9,-1.522,5.807
83.6,-9.27,6.42,-1.648,5.62
84.8,-9.58,5.71,-1.683,5.472
86.8,-8.1,3.47,-1.645,5.737
85.8,-9.61,5.52,-1.241,5.675
89.2,-6,9.78,-1.196,5.788
86.5,-9.31,5.3,-1.406,5.591
88.9,-6.25,9.21,-1.138,5.676
89.7,-5.68,9.59,-1.151,5.706
87.3,-9.82,4.78,-1.474,5.41
87.3,-8.88,4.15,-1.524,5.397
86.5,-5.21,11.42,-1.279,5.721
88.1,-3.99,10.54,-1.453,5.519
86.5,-9.09,5.12,-1.507,5.677
86.5,-11.42,4.25,-1.237,5.569
86.4,-9.13,4.61,-1.524,5.682
82.8,-0.99,1.01,-1.177,5.859
92.1,-5.44,8.65,-1.126,5.608
83.2,0.23,-0.51,-1.208,5.842
91.8,-4.59,9.71,-0.967,5.894
91.9,-3.45,9.43,-1.014,5.763
89.6,-3.3,8.84,-1.083,5.653
92.9,-5.22,10.42,-0.836,5.778
93.3,-3.64,10.42,-0.79,5.693
87.2,-6.75,6.6,-0.719,6.081
85.1,-0.87,1.87,-0.953,5.692
92.1,-3.27,9.93,-0.809,5.9
87.8,-5.67,8.19,-0.644,5.875
92.4,-3.52,9.72,-1.178,5.533
91.7,-2.92,11.21,-1.138,5.706
86.6,-4.53,7.55,-0.956,5.764
92.4,-2.07,10.66,-1.134,5.598
87.5,-4.54,8.89,-0.876,5.662
92.1,-5.15,10.71,-1.098,5.62
94.1,-0.15,9.93,-2.498,5.709
93.4,-0.89,9.34,-2.16,5.711
94.6,-1.94,11.27,-2.312,5.513
92.3,0.03,7.98,-2.083,5.894
93,-1.14,10.08,-2.221,5.836
91.8,-0.62,8.41,-2.215,5.973
91.5,-0.38,10.18,-2.232,5.852
93,-2.8,9.92,-2.343,5.749
87.1,1.84,2.77,-2.279,5.843
93.5,-0.46,10.5,-2.26,5.839
87.9,2.04,2.94,-2.27,5.706
93.9,-2.68,9.2,-2.254,5.863
94.2,-2.45,9.97,-2.26,5.8
88.1,7.33,9.56,2.022,5.781
88.4,7.41,13.25,2.1,5.724
70,-9.23,-3.76,2.487,5.957
88.8,7.65,10.67,2.088,5.708
82.7,9.52,5.82,2.304,5.388
89.8,8.85,10.36,2.066,5.57
71.1,-10.03,-3.99,2.302,5.692
88.8,6.75,10.27,1.787,5.66
89.2,7.97,8.4,1.844,5.593
71.5,-7.77,-5.66,2.339,5.701
90.2,5.07,10.29,1.802,5.545
70.4,-8.32,-4.87,2.4,5.731
87.2,12.83,1.83,3.684,4.461
79.2,-4.48,-3.65,3.871,4.411
78.3,-3.86,0.12,3.958,4.39
86.9,12,0.87,4.034,4.468
87.2,11.37,1.86,3.686,4.499
77.5,-2.36,-1.71,4.044,4.673
77.8,-3.99,-2.18,3.806,4.527
96.7,-9,7.94,-2.247,5.265
85.7,1.85,4.05,-2.343,5.306
95.2,-8.53,9.55,-2.092,5.078
97.8,-8.97,8.61,-2.17,4.965
87.8,2.45,3.21,-2.359,5.212
85.2,1.52,-0.17,-2.241,5.421
86.7,-0.38,3.25,-2.305,5.071
97.5,-8.65,9.45,-2.089,5.226
87.7,-0.11,1.18,-2.174,5.303
96.5,-8.91,9.26,-2.403,5.065
97.1,-12.43,6.6,-1.302,6.201
96.7,-10.22,2.92,-1.492,6.318
97.7,-8.04,2.86,-1.547,6.169
97,-8.73,3.72,-1.54,6.285
86.5,1.27,-0.23,-1.793,6.424
96.6,-3.49,8.9,-1.637,6.302
98,-8.85,0.99,-1.769,6.227
88,0.21,-1.62,-1.669,6.244
98.5,-6.69,7.9,-1.712,6.172
92.7,-3.32,2.82,-1.63,6.47
96.6,-10.42,4.12,-1.516,6.161
87.2,1.41,-0.53,-1.898,6.395
96.6,-5.35,9.28,-1.511,6.298
97.7,-6.11,6.76,-1.695,6.174
92.1,-5.02,3.43,-1.639,6.342
87.5,3.45,-1.1,-1.743,6.415
98.5,-8.71,5.09,-1.392,6.247
96.1,-8.61,2.84,-1.493,6.236
97.5,-4.69,8.11,-1.69,6.122
91.7,-5.09,7.62,-0.454,6.471
91.6,-1.56,6.58,-0.591,6.319
95.6,-6.81,8.12,-0.478,6.577
86.8,-5.36,5.24,-0.414,6.4
86.3,-9.02,4.33,-0.495,6.665
86.4,-6.31,7.51,-0.359,6.484
91.7,0.22,7.32,-0.332,6.371
87.6,-6.79,6.06,-0.348,6.245
90.6,-4.37,9.83,-0.673,6.116
85.6,-2.74,5.19,-0.34,6.242
93.5,-5.7,11.83,-0.195,6.291
84.3,-8.95,4.26,-0.279,6.283
91.5,-1.88,7.64,-0.766,6.33
93.6,-4.99,9.92,-0.326,6.461
93.1,-4.86,10.39,0.011,6.524
75.6,0.99,-7.36,-0.42,6.678
92.1,-3.28,6.23,-0.677,6.199
85.9,-9.31,5.35,-0.499,6.319
93.2,-5.44,8.27,-0.498,6.661
94.2,-6.37,9.1,-0.126,6.528
93.9,-6.21,11.82,-0.019,6.554
92.9,-5.39,10.29,-0.075,6.549
93.8,-4.85,11.49,0.019,6.294
87.1,-7.33,6.75,-0.419,6.257
94.8,-5.93,9.49,-0.215,6.432
96.8,-4.89,11.1,-0.044,6.517
94.5,-7.17,10.92,-0.34,6.334
87.1,-10.24,4.26,-0.325,6.494
84.7,-10.41,3.47,-0.352,6.297
94,6.73,9.61,1.416,6.042
84.6,7.77,7.21,1.737,6.041
70.9,-7.49,-6.55,1.5,6.38
93.6,5.2,9.15,1.486,6.183
93.1,3.82,10.25,1.579,6.285
93.5,2.4,11.33,1.473,6.083
71.7,-7.7,-5.18,1.73,6.534
73.4,-7.77,-8.08,1.594,6.205
93.6,4.51,9.86,1.646,6.1
94.1,4.33,9.98,1.41,6.004
94.1,2.75,9.65,1.405,6.034
93.9,4.08,10.74,1.411,6.182
93.2,5.11,8.26,1.438,6.16
95.2,5.49,9.69,1.592,6.12
95.4,4.22,8.35,1.626,6.018
75.6,-4.74,-6.5,1.593,6.172
74.8,-7.2,-6.48,1.689,6.315
98.1,-6.28,10.23,-1.016,5.785
98.3,-7.27,10.29,-1.282,5.565
87.1,-9.16,7.44,-0.947,5.726
98.4,-7.42,10.28,-1.146,5.669
88.1,-6.22,6.35,-1.087,5.573
86.9,-9.31,6.85,-0.872,5.666
97.9,-6.65,8.44,-1.278,5.828
98.8,-7.93,10.76,-1.064,5.693
98.1,-8.43,11.54,-0.888,5.661
99.3,-9.6,10.75,-1.005,5.632
98.7,-8.53,9.84,-0.93,5.615
96.9,-4.98,10.42,-0.92,5.713
84.9,0.94,-1.7,-1.217,5.8
98.1,-8.73,10.34,-1.156,5.71
97.5,-6.14,11.57,-1.028,5.675
97.2,-7.11,10.24,-1.127,5.743
96.2,-6.03,9.59,-1.227,5.725
89,-9.23,5.61,-1.006,5.735
99.2,-8.4,9.56,-0.999,5.556
98.3,-7.15,9.9,-1.155,5.823
98.9,-8.15,10.92,-1.118,5.706
98.8,-5.22,11.11,-1.078,5.682
98.4,-6.96,9.75,-1.28,5.693
89.4,-7.78,7.61,-1.047,5.542
88.8,-11.43,5.94,-1.019,5.58
98.7,-8.07,9.21,-1.066,5.69
88.1,-8.17,6.87,-1.055,5.692
101,-7.3,9.61,-1.004,5.65
97.2,-6.32,10.08,-1.043,5.825
97.6,-5.43,10.31,-0.902,5.722
87.4,-8.04,6.77,-1.033,5.735
88.1,-7.96,7.61,-0.919,5.664
81.7,2.21,-5.23,-1.088,5.864
96.6,-5.63,7.71,-1.135,5.842
96.8,-6.61,10,-1.039,5.919
95.3,-6.14,10.83,-1.005,5.61
79.2,4.25,-4.26,-0.859,5.865
96,-5.64,10.28,-1.191,5.725
86.8,1.13,-0.48,-1.07,5.743
86.5,1.2,-0.94,-1.165,5.732
87.9,0.12,-0.28,-0.909,5.692
89.5,-8.34,7.19,-1.097,5.781
99.3,-7.67,10.67,-1.016,5.661
99.2,-7.16,10.52,-0.9,5.669
99.1,-7.49,10.02,-0.925,5.708
100.3,-7.32,10.36,-0.788,5.615
99.6,-9.19,8.82,-0.856,5.719
88.3,-9.95,5.21,-1.079,5.601
98.1,-7.6,11.91,-1.041,5.595
96.1,-7.05,9.31,-1.167,5.703
98.2,-5.77,9.37,-1.095,5.707
88.2,-7.16,6.79,-1.231,5.764
92.7,-9.18,4.75,-0.622,5.889
87.2,1.34,2,-0.705,5.993
91.7,-11.7,3.92,-0.743,5.835
92.9,-10.45,4.39,-0.747,5.839
91.8,-9.48,6.85,0.122,6.213
87.4,0.73,2.29,-0.463,6.067
92.6,-10.33,6.31,0.038,6.216
93.8,-9.29,5.8,-0.004,6.09
87.9,-0.39,2.86,-0.521,5.93
92.1,-10.64,3.35,-0.607,5.807
80,-4.54,-1.64,-0.42,6.242
88.1,1.21,0.89,-0.571,6.047
93.5,-6.87,9.01,-2.372,5.451
90.4,-2.27,3.81,-2.586,5.161
88.9,-2.2,4.09,-2.538,5.028
88.9,-1.64,5.83,-2.667,5.136
87.7,-0.08,2.68,-2.58,5.385
94.6,-7.95,9.31,-2.25,5.356
88,-0.17,3.21,-2.461,5.355
88.6,-0.58,3.42,-2.572,5.221
93,-3.97,10.41,-2.083,5.444
93.7,-6.27,9.08,-2.183,5.517
94.5,-3.22,8.41,-2.677,5.501
86.3,-0.1,3.18,-2.573,5.126
87.1,0.37,2.07,-2.578,5.353
94.5,-6.33,7.56,-2.626,5.192
92.7,-6.24,9.55,-2.194,5.365
86.7,0.55,0.89,-2.526,5.392
93.8,-4.83,9.08,-2.445,5.499
93.2,-9.24,7.52,-2.043,5.642
92.8,-9.55,7.74,-1.919,5.561
87.9,1.56,0.13,-2.047,5.65
93.7,-11.87,5.26,-1.971,5.693
84.7,-9.25,2.28,-2.114,5.553
92.4,-8.85,6.81,-1.946,5.747
92.4,-9.85,5.57,-2.113,5.651
91.8,-9.72,8.97,-1.868,5.595
92.3,-9.5,7.74,-2.098,5.814
92.8,-9.82,5,-2.274,5.62
89,-1.7,2.89,-2.258,5.659
92.5,-11.23,4.99,-2.174,5.555
94.1,-11.71,8.57,-2.06,5.612
89.1,-0.49,2.95,-2.186,5.528
86.3,-2.18,1.49,-2.176,5.758
95.2,-10.81,6.31,-1.822,5.573
87.6,0.02,2.55,-2.268,5.556
93.5,-9.33,7.35,-2.143,5.634
93.9,-8.67,7.23,-2.049,5.586
88.4,-1.93,3.45,-2.007,5.542
94.2,-10.6,5.5,-2.289,5.619
94.2,-10.27,8.58,-1.954,5.73
94.1,-8.94,7,-2.099,5.662
89.4,-0.23,3.54,-2.321,5.593
92.6,-8.07,8.44,-2.064,5.836
92.5,-10.18,7.6,-1.845,5.802
88.8,-4.48,2.76,-2.086,5.596
85.9,-10.16,-0.42,-2.315,5.607
91.9,-11.26,5.52,-2.512,5.726
88.8,-2.91,2.57,-2.395,5.574
93.7,-10.98,3.06,-2.168,5.761
88.7,-2.32,2.89,-2.03,5.564
90.1,-3.17,6.01,-1.829,5.403
93.4,-9.57,8.08,-1.907,5.633
87.6,-0.92,1.95,-2.204,5.631
94.6,-10.64,5.31,-2.026,5.637
87.7,-2.02,2.04,-1.982,5.466
93.3,-8.77,7.22,-2.208,5.644
89.3,-0.82,3.76,-2.217,5.503
88,-0.84,0.45,-2.017,5.604
90,-8.09,5.88,-2.278,5.898
91.1,-10.14,6.19,-2.332,5.819
91.2,-11.7,5.56,-2.329,5.766
91.7,-8.56,3.74,-2.475,5.904
88,0.09,0.6,-2.123,5.578
86.4,2.49,1.05,-2.203,5.563
87.4,-2.51,1.87,-2.017,5.514
93.2,-11.05,6.84,-1.928,5.728
92.5,-9.32,9.06,-2.093,5.613
92.1,-9.62,6.58,-2.338,5.694
88.5,-3.34,2.7,-2.484,5.509
93.9,-11.02,5.62,-2.011,5.683
88.8,-0.48,2.35,-2.223,5.668
92,-11.21,6.3,-1.993,5.849
93.8,-10.09,7.5,-2.175,5.634
91.9,-8.7,6.9,-2.352,5.571
93.3,-9.5,7.56,-2.084,5.747
92.4,-9.6,6.01,-2.462,5.636
92.7,-11.99,6.35,-1.826,5.771
92.3,-9.76,6.73,-2.039,5.711
90.6,-11.48,5.6,-2.475,5.638
85.6,-11.39,3.07,-2.371,5.51
90.8,-10.93,5.36,-2.45,5.704
92.2,-10.63,7.27,-2.189,5.815
91.8,-9.5,6.51,-2.21,5.536
85.6,-2.65,0.77,-2.324,5.706
85.5,0.13,1.55,-2.103,5.693
86.8,0.74,0.14,-2.347,5.755
91.6,-10.54,6.21,-1.881,5.77
87.3,-10.03,4.86,-2.27,5.639
93.2,-9.67,5.84,-2.071,5.662
84.6,-11.82,4.46,-2.144,5.465
83.7,-10.87,4.28,-1.96,5.512
92.6,-11.13,4.54,-2.236,5.748
91.7,-9.76,7.75,-1.833,5.688
92.2,-11.29,7.39,-2.084,5.556
88.7,-2.54,1.45,-2.068,5.64
93.2,-8.58,7.42,-1.89,5.615
93.7,-11.75,5.26,-1.915,5.777
92.7,-9.25,5.26,-2.298,5.718
94.3,-7.67,7.11,-1.602,5.894
87.1,-1.61,0.6,-1.887,6.058
96.5,-8.65,7.42,-1.927,5.752
93.7,-9.28,7.16,-1.98,5.927
94.4,-7.78,9.59,-2.043,5.772
94.9,-6.95,9.33,-1.836,5.763
95,-8.58,7.26,-1.891,5.631
86.7,1.33,1.29,-1.917,5.833
96.6,-8.51,8.22,-1.82,5.741
88,-0.16,2.87,-1.704,5.682
86.1,1.67,1.25,-1.671,5.736
90,0.5,2.59,-1.884,5.648
96.4,-8.52,6.08,-1.875,5.604
86.7,0.28,-0.41,-1.71,5.671
97,-8.54,7.32,-1.763,5.424
96.4,-10.45,7.58,-1.95,5.343
85.3,-0.76,0.86,-2.053,6.001
94.6,-11.8,7.29,-1.979,5.805
94.2,-9.53,7.05,-1.99,5.91
95.5,-6.75,6.98,-2.247,5.647
97.3,-8.89,8.42,-1.95,5.871
95.3,-7.73,8.68,-2.051,5.598
87.4,-0.64,2.25,-1.788,5.787
92.9,10.29,0.29,1.639,5.314
100.3,2.64,10.08,1.72,5.513
99.7,2.79,7.12,1.533,5.619
99,4.01,8.77,1.744,5.691
99.5,6.13,7.98,1.98,5.087
82.3,-8.08,-6.07,2.043,5.539
99.3,3.44,8.26,1.721,5.369
100.7,2.12,8.87,1.404,5.416
100,3.58,8.36,1.377,5.478
91.2,7.76,2.37,1.693,5.166
91.2,6.86,2.51,1.918,5.258
100.6,5.07,7.73,1.433,5.561
98.4,1.92,8.51,2.001,5.506
89.3,8.64,1.4,2.007,5.217
99.6,3.82,7.37,1.892,5.506
100.6,3.27,8.19,1.296,5.477
100.9,3.56,8.52,1.17,5.374
88,1.24,1.34,-1.252,6.073
95.8,-5.59,7.51,-1.101,5.943
97,-6.88,7.5,-1.068,6.08
95.6,-6.54,7.49,-1.021,5.96
97,-5.49,5.72,-1.232,5.968
97.2,-6.98,8,-1.006,5.835
96.5,-6.02,8.51,-0.995,5.75
96,-4.65,9.09,-0.972,5.895
89.3,0.03,1.76,-1.096,5.778
96,-9.37,6.44,-1.163,5.709
95.3,-7.68,8.38,-0.87,5.751
95.4,-6.3,7.5,-1.004,5.894
95.3,-7.45,6.9,-1.088,5.654
94.6,-7.48,6.75,-1.208,5.66
96.8,-7.76,8.52,-1.038,5.597
97.1,-6.83,8,-0.981,5.591
87.2,-7.98,6.44,-0.062,5.498
89.2,-8.77,6.99,-0.027,5.615
88.3,-8.65,6.25,-1.058,5.784
88.1,-11.02,6.22,-1.086,5.704
78.4,-8.91,4.86,-0.625,5.538
83.8,-5.43,9.86,-0.855,5.578
88.6,-7.3,6.7,-0.755,5.628
89.4,-8.99,6.56,-0.831,5.516
80,-8.27,3.74,-0.657,5.528
88,-7.74,8.05,0.067,5.449
85.3,-0.58,3.69,1.981,5.735
82.6,-2.94,2.67,2.159,5.841
93.2,3.34,11.2,1.892,5.643
84.4,-1.51,3.49,2.035,5.923
92.6,2.87,12.93,2.04,5.668
92.9,3.7,8.91,2.212,5.898
82.8,-1.32,0.6,1.856,5.926
83,-2.59,1.38,1.899,5.588
92.4,5.15,12.46,1.997,5.47
81.9,-3.67,2.68,2.1,5.697
85.1,-2.28,4.19,2.038,5.401
96.1,-4.2,9.37,-2.05,6.38
97.9,-5.44,11.36,-2.27,6.01
97.4,-4.98,10.77,-2.1,6.31
87.2,4.27,-1.3,-2.35,6.07
97.8,-6.58,11.65,-2.19,5.99
97.2,-5.67,10.52,-2.19,5.87
94.4,-5.38,11.77,-2.03,6.29
95.7,-4.78,9.85,-2.34,6.21
88.9,2.54,0.93,-2.25,6.03
96.4,-6.19,10.01,-2.4,6.08
96,-5.31,11.65,-2.15,6.07
89.1,-8.72,8.35,-2.14,5.74
96,-3.97,13.55,-1.93,6.09
87.8,6.3,-0.67,-2.23,5.99
97.6,-3.67,9.95,-2.15,6.06
90.1,3.88,0.91,-2.17,6.04
88.8,2.78,0.63,-2.22,6.14
97.5,-4.96,12.01,-1.96,5.91
88.2,2.84,2.57,-2,5.79
95,-4.88,11.95,-2.46,6.06
88.7,3.34,1.87,-2.36,6.15
89.3,4.18,-1.84,-2.01,6.11
96.7,-5.27,11.35,-1.96,5.98
97.1,-5.95,10.05,-2.05,5.88
90,2.14,0.96,-2.09,6.08
96.7,-5.33,9.3,-1.99,6.02
95.3,-6.92,12.02,-2.49,5.94
96,-3.02,10.14,-2.2,6.21
87.8,3.73,-0.07,-2.35,6.11
96.8,-4.26,11,-2.42,6.11
96.3,-2.39,10.08,-2.22,6
97.7,-5.33,10.3,-2.25,6.06
88,5.23,-1.86,-2.11,6.09
96.6,-6.08,11.91,-2.53,6.07
87,6.52,-0.18,-2.11,6.14
93.2,-5.23,10.17,-2.42,6.1
90.3,-10.99,7.47,-2.06,5.71
95.4,-5.7,12.2,-2.49,5.97
96.5,-3.96,12.56,-2.43,6.05
87.3,7.21,-4.1,-2.36,6.18
87.4,7.12,-2.32,-2.27,6.51
86.8,5.29,-0.35,-2.21,6.09
88.8,3.62,1.12,-2.24,6.25
95.3,-5.54,12.58,-2.06,6.2
95.1,-2.19,11.39,-2.24,6.1
94.4,-3.59,10.12,-2.07,6.12
94.6,-5.54,11.14,-2.1,6.02
96.8,-3.56,10.56,-2.18,6.07
96.3,-4.65,13.27,-2.4,6.28
96.2,-5.33,11.19,-2.28,6.15
89.1,-8.19,10.14,-2.19,5.91
97.4,-4.42,11.74,-2.22,6.24
88.8,2.65,2.56,-2.43,6
94.3,-3.25,11.11,-2.3,5.9
94.2,-5.83,12.37,-2.48,5.96
98.1,-6.55,9.84,-2.16,6.15
96.8,-4.62,11.18,-1.79,6.41
89.6,4.64,-0.19,-2.18,5.89
96.5,-5.3,11.94,-1.97,5.97
97.7,-4.88,11.36,-1.96,6.13
97.8,-6.1,9.18,-2.05,6.12
94.2,-5.68,11.35,-2.32,6.13
96.7,-7.59,10.65,-2.47,5.78
96.5,-7.49,11.36,-2.11,6.2
96,-8.51,11.92,-2.19,5.97
88.7,5.65,-0.31,-2.34,6.01
90.9,-8.4,8.38,-1.62,6.2
91.3,-6.74,6.77,-1.41,6.01
84.1,-10.18,9.02,-1.68,5.83
92.8,-7.28,9.85,-1.47,6.04
92.5,0.14,10.42,-1.2,6.26
85.8,-6.58,9.45,-1.53,5.85
91.6,-5.83,7.69,-1.64,6.05
87,4.76,3.46,-1.57,6.19
92.7,-0.69,10.38,-1.4,6.12
91,-8.2,7.42,-1.72,6.14
93.1,-4.71,11.29,-1.56,6.17
75.2,10.6,-8.12,-1.65,6.6
93.4,-2.63,12.07,-1.48,6.18
75.4,6.25,-8.23,-1.52,6.61
88,4.25,2.15,-1.24,6.55
89,3.75,5.05,-1.24,6.26
91.3,-1.44,11.83,-1.39,6.23
87.1,3.39,6.21,-1.49,6.27
88.8,1.47,4.83,-1.33,6.2
92.8,-6.02,8.69,-1.34,6.04
92.9,-7.24,8.55,-1.53,5.98
86.7,4.11,2.28,-1.28,6.54
77,10.44,-5.39,-1.42,6.38
93.6,-8.49,7.87,-0.73,5.71
93.2,-7.31,14.36,-0.86,5.49
94.3,-6.54,12.11,-0.96,5.58
87.1,-4.73,5.76,-0.9,5.53
85.9,-1.03,2.55,-0.92,5.64
86.7,-0.64,2.77,-0.93,5.66
93.7,-9.52,9.68,-0.67,5.35
93.2,-7.51,8.58,-1.04,5.67
92.5,-9.52,7.71,-1.1,5.73
93.2,-7.71,6.65,-0.92,5.64
86.4,-1.91,2,-0.94,5.61
83.6,7.41,-1.06,-1.07,6.37
97.9,-4.51,10.62,-1.03,6.14
84.7,5.64,-1.5,-1.21,6.27
98.5,-3.69,9.03,-1.06,6.2
98.2,-3.81,11.05,-0.81,6.23
99.2,-4.14,10.68,-0.74,6.21
84.5,5.37,-3.66,-1.11,6.31
84.1,6.53,-3.19,-1.24,6.31
86.2,7.49,-1.8,-0.97,6.03
100.7,-1.46,8.5,-0.76,6.33
98.7,-3.04,10.33,-0.76,6.28
98.6,-1.78,11.97,-0.72,6.33
87.8,5.49,-6.48,-0.94,6.41
84,9.55,-1.73,-1.33,6.16
99.4,-3.45,10.7,-0.98,6.15
100.2,-3.11,10.67,-0.81,6.29
87.9,6.65,-8.88,-1.18,6.46
95,-6.04,6.07,-2.66,4.88
85.4,-6.35,-3.55,-2.49,4.51
86,-7.29,-1.5,-2.28,4.41
86.2,-8,-0.86,-2.4,4.37
87.1,-8.2,-4.99,-2.39,4.39
94.7,-3.84,7.1,-2.24,4.89
87.8,-9.94,-1.79,-2.1,4.33
83.6,-8.98,-1.56,-2.19,4.42
92.1,-3.31,4.5,-2.3,4.73
92.7,-3.9,6.11,-2.35,4.68
94,-5.87,5.44,-2.27,4.61
85.7,1.94,4.46,1.55,6.4
71.6,-3.4,-8.99,1.62,6.63
70.9,-3.19,-10.12,1.68,6.65
87.1,4.13,10.09,1.34,6.45
87.8,4.63,11.94,1.36,6.37
79.4,9.36,7.78,1.6,6.22
81.1,11.28,7.37,1.76,6.32
74.8,-4.95,-5.89,1.71,6.54
89,1.19,9.52,1.46,6.44
88.7,1.18,6.9,1.52,6.54
86.4,-0.79,3.25,1.5,6.32
85.4,-1.29,1.62,1.59,6.38
85.7,0.93,2.56,1.71,6.12
85.1,-1.64,-0.99,1.7,6.41
91.5,3.54,10.3,1.29,6.34
87.6,-3.57,3.65,1.67,6.33
89.5,1.08,6.89,1.56,6.25
88.4,-0.87,4.29,1.43,6.19
88.4,-0.68,3.26,1.5,6.29
89.1,-2.3,2.89,1.7,6.24
72.7,-3.45,-6.57,1.77,6.67
70.5,-4.33,-7.52,1.93,6.81
85.3,1.86,4.3,1.5,6.35
81.3,10.34,8.44,1.65,6.21
81.6,10.97,7.1,1.78,6.22
90.2,5.37,10.69,1.31,6.31
86.6,0.38,4.77,1.41,6.31
72.9,-4.85,-8.71,1.8,6.5
90.9,9.17,7.43,1.53,6.17
87,-0.86,3.97,1.63,6.19
89.3,4.5,11.39,1.7,6.28
87.4,0.29,6.22,1.64,6.31
86.2,-0.4,1.78,1.67,6.16
90.3,5.75,5.93,1.62,6.4
72.6,-3.52,-7.22,1.92,6.49
81.4,10.38,9.51,1.57,6.29
88.8,5.64,10.51,1.55,6.46
90.1,5.97,11.15,1.29,6.23
92,0.79,10.41,1.45,6.32
89,-0.77,5.3,1.46,6.29
93.3,7.23,6.42,1.46,6.13
73.1,-2.73,-7.22,1.75,6.64
85.4,-2.48,5.82,1.43,6.47
85.2,-0.43,2.97,1.51,6.41
90,11.64,8.82,1.42,6.38
89.8,9.19,8.85,1.38,6.38
87.2,3.69,11.58,1.47,6.4
88.1,2.94,11.75,1.49,6.49
87,3.07,6.21,1.44,6.32
82.5,10.96,6.4,1.77,6.38
87.6,1.51,6.31,1.49,6.45
73.6,-3.17,-8.85,1.57,6.59
87.2,1.49,1.5,1.51,6.39
85.3,-0.2,2.29,1.54,6.17
86.8,-2.65,2.42,1.36,6.31
86.2,-0.96,2.95,1.63,6.37
87.5,-3.31,6.18,1.53,6.14
81.9,10.22,5.72,1.77,6.21
84.6,3.1,8.91,1.36,6.62
89.2,3.18,10.68,1.46,6.46
85.6,0.59,5.66,1.45,6.17
87.9,-2.05,5.98,1.46,6.31
87.5,-0.26,3.37,1.51,6.43
87.3,-0.02,4.82,1.44,6.26
88.5,-0.43,4.79,1.41,6.31
88.2,-0.3,6.09,1.6,6.28
89.3,5.3,11.1,1.44,6.37
88.3,2.48,7.1,1.33,6.32
87.4,2.21,4.5,1.58,6.26
72.5,-5.26,-9.36,2.01,6.77
87.7,-2.27,4.6,1.61,6.32
89.5,3.34,9.07,1.59,6.44
86.9,-0.02,3.01,1.74,6.22
86.4,9.9,9.65,1.3,6.4
86.8,4.43,11.51,1.43,6.47
87.9,5.67,11.26,1.28,6.44
88,0.69,12.34,1.47,6.31
89.3,2.59,11,1.32,6.36
89,2.92,9.32,1.46,6.51
73.6,-5.65,-8.09,1.74,6.6
72.9,-4.81,-9.37,2.1,6.55
82.4,10.24,6.6,1.83,6.04
83.1,9.84,4.9,1.54,6.12
90,2.51,7.75,1.57,6.33
88.1,-1.64,5.57,1.61,6.41
91.8,9.23,9.15,1.43,6.17
87.3,1.47,4.11,1.44,6.23
90.1,2.87,13.03,1.24,6.23
89.5,4.56,13.93,1.51,6.28
85.5,-3.7,3.06,1.74,6.37
86.7,-3.04,4.8,1.53,6.44
89.2,9.95,9.06,1.55,6.38
86.5,1.24,6.07,1.66,6.3
80.3,10.71,5.51,1.94,6.32
87.8,0.73,5.41,1.72,6.22
90.2,2.78,9.55,1.37,6.45
74.4,-5.01,-8.14,1.95,6.46
88.2,-1.5,5.79,1.53,6.28
74.3,-6.22,-8.37,1.74,6.56
75,-2.68,-8.42,1.71,6.39
80.7,12.37,7.09,2.06,6.25
83,13.06,4.4,1.68,6.2
90.4,2.21,9.4,1.61,6.28
86.7,-1.87,4.81,1.76,6.32
88,-0.07,3.51,1.44,6.33
88.5,4.18,10.31,1.38,6.39
84.9,-2.9,5.27,1.55,6.43
85.8,2.22,0.64,1.42,6.32
90.6,6.63,7.35,1.29,6.24
91.1,4.95,10.74,1.14,6.34
83.7,-4.65,6.39,1,6.85
82.8,-4.65,-1.03,0.91,6.53
91.8,0.48,13.48,0.95,6.75
91.4,1.4,11.76,1.04,6.71
90.9,2.35,12.51,0.97,6.71
90.5,1.99,11.64,1.2,6.68
83.6,-5.57,3.88,0.72,6.85
82,-6.32,1.94,0.93,6.7
91.4,0.87,11.39,1.23,6.57
81.9,-4.92,2.12,0.95,6.67
83,-6.02,4.21,0.94,6.62
92.4,-8.1,11.39,-0.95,5.95
78.9,-7.6,10.71,-1.11,6.45
81.9,-0.2,5.18,-0.99,6.16
91.8,-3.82,14.2,-0.5,6.19
91.2,-4.68,12.54,-0.37,6.37
79.2,-9.61,11.17,-0.99,6.22
78.1,-7.03,9.98,-1.03,6.56
91.9,-6,8.11,-0.68,6.54
91.1,-2.52,12.71,-0.65,6.12
89.3,9.63,3.26,2.67,6.2
88.4,9.53,1.6,2.76,5.99
87.4,11,1.18,2.7,6.11
87.3,2.79,4.46,2.68,5.85
87.5,13.2,1.94,2.7,5.95
85.6,1.72,1.75,2.56,6.11
89.1,9.88,1.54,2.84,6.14
82.3,-1,-0.51,2.68,6.21
80.4,-0.76,-2.58,2.6,6.11
88.2,11.12,0.25,2.61,5.85
87.9,13.49,2.52,2.84,5.98
88.6,12.31,3.68,2.73,5.95
88.1,9.88,3.05,2.58,5.97
87.2,12.23,1.51,2.78,6.12
92.7,-4.3,10.48,-2.52,5.83
84.9,3.13,-0.37,-2.94,5.91
83.5,5.75,-2.48,-3.17,6.13
93,-3.24,9.25,-2.75,5.82
92,-1.9,6.78,-2.63,5.77
82.8,4.3,-0.42,-3.12,6.06
93.8,-7.36,9.43,-2.78,5.79
93.2,-5.49,12.65,-2.74,5.52
93.6,-3.42,9.78,-2.9,5.84
86.6,-10.74,1.36,-2.88,5.77
94.1,-3.54,9.44,-2.96,5.84
93.1,-3.03,7.91,-3.17,6.07
84.8,4.51,0.84,-2.96,5.91
94.9,-4,11.7,-2.87,5.82
93.6,-5.31,10.41,-2.84,5.86
94.5,-6.45,10.53,-3.08,5.84
94.1,-2.75,7.24,-3.1,5.96
95.2,-5.78,10.34,-2.84,5.7
85.9,5.17,0.11,-3,6.01
85.7,4.27,-1.26,-3.01,6.01
85,5.04,-0.34,-2.9,5.99
85.4,3.11,0.64,-3.12,5.97
93.2,-3.67,5.4,-3.16,5.93
86.6,-11.02,-1.22,-3.06,5.66
94.2,-5.33,10.12,-2.65,5.84
76,-2.28,-2.02,4.45,4.17
74.5,-2.29,-2.7,4.49,4.12
75.6,-4.41,-3.04,4.41,4.04
91,9.58,8.16,2.406,6.43
82.8,1.33,1.42,2.307,6.187
90.9,8.59,7.42,2.283,6.23
91.2,9.59,7,2.443,6.363
91.2,9.05,4.63,2.406,6.303
91.2,9.82,6.66,2.254,6.353
90.6,8.58,10.06,2.296,6.444
91.4,9.99,6.65,2.594,6.379
81.4,10.69,4.02,2.44,6.296
90.9,8.78,5.92,2.596,6.481
90.8,9.26,5.95,2.548,6.43
81.9,10.77,4.54,2.521,6.17
92.1,9.73,7.14,2.225,6.177
90.8,9.31,5.78,2.569,6.266
81.8,9.56,4.29,2.49,6.255
91.3,8.84,6.3,2.408,6.261
91.2,9.66,6.89,2.454,6.24
90.6,10.93,6.31,2.228,6.319
90.8,7.6,9.02,2.428,6.334
90.4,7.57,8.15,2.474,6.368
90.5,7.7,7.09,2.28,6.389
91.6,9.64,7.72,2.382,6.224
90.9,8.5,6.39,2.414,6.327
82.7,1.55,1.01,2.363,6.282
90.5,8.62,7.14,2.57,6.421
90.9,10.4,5.97,2.311,6.142
90.2,7.37,7.95,2.587,6.316
90.8,9.73,5.34,2.375,6.294
76,-3.29,-4.02,2.523,6.816
92,10.41,6.18,2.208,6.349
89.1,8.45,5.45,2.2,6.409
79.3,0.68,0.27,2.466,6.504
81.2,11.68,4.78,2.463,6.215
90.4,9.97,6.62,2.691,6.24
90.7,8.96,6.33,2.563,6.36
82.2,10.57,2.99,2.422,6.34
91,8.52,5.57,2.643,6.298
80.8,9.66,4.25,2.576,6.472
77.1,-0.51,-5.3,2.624,6.65
91.4,7.97,4.55,2.266,6.408
76.1,-1.54,-6.89,2.28,6.808
81.1,11.2,5.22,2.311,6.489
76.3,-3.6,-7.07,2.545,6.847
92,9.67,8.45,2.421,6.293
91.3,7.56,4.42,2.39,6.737
91.1,9.42,6.38,2.337,6.223
91.4,10.14,7.07,2.15,6.161
89.8,8.4,6.05,2.315,6.419
90,10.83,5.7,2.306,6.375
90.3,8.76,6.37,2.752,6.291
90.3,9.68,6.84,2.593,6.246
91.2,7.89,5.91,2.62,6.302
90.1,9.57,5.83,2.642,6.39
91.3,9.28,7.21,2.531,6.425
80.7,0.25,1.25,2.573,6.567
78.5,-2,-4.64,2.239,6.572
91.7,9.15,6.47,2.4,6.404
91.5,9.22,6.1,2.357,6.228
81.3,10.95,5.47,2.356,6.46
91.1,7.22,9.78,2.407,6.273
83.7,1.98,1.17,2.527,6.26
91.3,9.05,7.8,2.335,6.335
91.9,12.51,5.83,2.446,6.327
92.4,9.89,5.89,2.701,6.245
91.8,6.81,9.53,2.472,6.265
91.7,8.03,7.67,2.325,6.316
91.8,10.73,5.5,2.386,6.422
90.9,8.12,5.3,2.478,6.524
90.2,9.66,6.35,2.441,6.339
91.2,9.79,6.26,2.533,6.337
90.5,9.3,8.14,2.565,6.34
81.4,12.5,4.5,2.447,6.226
91.6,6.7,3.03,2.446,6.338
91.7,10.93,6.51,2.439,6.298
82.5,0.63,-0.16,2.673,6.478
90.2,10.28,6.72,2.497,6.278
80.3,10.34,2.5,2.428,6.317
91,7.91,6.41,2.534,6.331
90.4,12.48,6.14,2.271,6.441
82.6,2.08,0.83,2.22,6.308
91.3,11.4,7.13,2.314,6.358
92.1,9.4,7.16,2.411,6.262
90.2,9.61,6.12,2.27,6.344
80,9.4,3,2.349,6.416
90,8.21,4.51,2.355,6.451
89.5,9.9,5.61,2.347,6.35
89.4,8.98,6.22,2.401,6.455
90.5,8.6,5.55,2.352,6.308
81.3,11.04,3.03,2.394,6.313
80.8,-1.55,-0.23,2.465,6.481
77.9,-0.77,-4.2,2.445,6.545
81.4,2.56,0.93,2.418,6.246
90.4,11.57,7.59,2.345,6.361
83,-0.25,0.88,2.427,6.454
89.9,8.31,5.91,2.459,6.49
91.1,8.8,7.48,2.458,6.246
76,-0.61,-5.35,2.511,6.753
91.7,11.11,7.07,2.507,6.34
91.6,9.78,4.78,2.563,6.408
78.6,6.07,2.92,-2.811,4.904
80.5,-8.07,-0.91,-2.455,5.151
78.2,4.81,2.36,-2.628,4.993
78.1,6.36,1.74,-2.701,4.95
76.1,7.6,3.64,-2.424,5.119
86.4,-10.15,1.44,-2.249,5.131
86.6,-9.34,-0.93,-2.508,5.01
75.9,10.74,1.39,-2.497,5.041
87.1,-7.87,4.51,-2.185,5.181
77.1,6.18,1.06,-2.468,5.04
78.6,4.67,3.45,-2.129,5.198
92.8,4.56,12.34,1.253,6.22
92.8,0.85,10.39,1.065,6.361
90.1,-2.49,5.76,1.016,6.212
92.4,-1.18,12.38,1.136,6.263
73.5,-1.37,-11.02,0.668,6.76
92.3,1.63,12.76,1.317,6.244
89.7,1.12,7.53,1.363,6.425
87.9,0.4,7.79,1.049,6.44
88.6,-1.79,5.58,1.017,6.375
89.4,-2.68,6.04,0.877,6.121
71.9,1.35,-11.77,0.678,7.038
87.7,-0.5,4.27,0.988,6.434
87.3,-1.65,-0.69,0.975,6.555
87.7,-2.04,4.03,1.006,6.479
94.9,7.75,8.29,2.53,5.866
73.8,0.06,-9.64,0.893,6.658
93.1,2.18,11.96,1.361,6.187
92.8,3.11,13.34,1.112,6.345
73.6,-0.87,-10.88,0.947,6.631
92.2,1.17,10.04,0.938,6.273
92.2,0.97,12.44,0.996,6.266
94.9,7.81,9.44,2.416,5.791
91.1,2.4,13.84,1.589,6.272
88.1,-1.46,6.69,1.502,6.482
92.1,1.66,13.53,1.36,6.338
92.5,0.82,13.22,1.467,6.218
73.4,0.45,-12.16,0.977,6.549
87.9,-0.34,5.98,1.261,6.381
73.3,-0.53,-11.89,0.819,6.737
93.2,3.64,13.36,1.327,6.2
93,4.54,10.79,1.23,6.153
90.9,2.16,11.89,1.437,6.291
91.4,1.75,12.58,1.365,6.246
92,1.58,13.13,1.411,6.268
87.5,-0.3,6.84,1.348,6.309
92.3,1.27,12.24,1.295,6.344
91.6,1.57,9.98,1.201,6.276
94.9,6.52,8.25,2.77,5.781
92.1,2.39,10.55,1.446,6.329
90.2,-2.54,6.49,1.349,6.428
92.1,1.64,12.27,1.271,6.223
93.3,0.55,12.62,1.093,6.257
88.9,-2.14,8.9,0.966,6.251
87.6,-1.2,5.04,1.023,6.301
91.7,2.48,12.99,1.291,5.927
92.4,1.87,11.23,1.363,6.1
87.3,-0.57,4.33,1.286,6.456
90.9,2.24,10.76,1.456,6.151
91.6,2.2,9.67,1.505,6.191
91.7,0.44,10.22,1.371,6.2
90.1,-2.36,9.81,1.387,6.31
88.8,2.27,8.77,1.365,6.34
91.6,3.59,12.17,1.095,6.22
92,2.07,12.78,1.422,6.194
89.1,-0.67,7.33,1.288,6.375
89.8,0.44,6.86,1.302,6.414
73.4,0.7,-10.36,1.072,6.578
91.3,1.61,11.75,1.271,6.244
87.9,-1.7,6.37,1.377,6.514
93.2,0.58,11.45,1.403,6.159
72.8,-2.16,-13.7,1.14,6.666
94.4,5.82,8.97,2.93,5.557
92.9,1.9,11.55,1.338,6.118
71.9,-2.3,-10.02,0.943,6.44
72.1,-1.4,-12.26,0.961,6.972
91.4,0.81,10.12,1.349,6.079
88.8,-1.75,5.14,1.069,6.395
92.7,2.28,11.61,1.247,6.234
93,2.29,12.85,0.99,6.394
92.9,1.25,13.07,1.399,6.243
93.5,3.11,13.05,1.152,6.32
72.7,0.65,-10.76,0.877,6.936
92.4,2.97,12.68,1.394,6.111
73.2,0.09,-9.78,0.998,6.601
93.1,1.3,14.2,1.408,6.185
94.6,8.45,8.8,3.019,5.468
94,1.48,11.4,1.331,6.347
74.1,0.03,-9.79,0.829,6.54
93.6,0.6,11.27,1.335,6.121
94,4.88,11.84,1.308,6.152
90.4,-1.39,7.27,1.359,6.295
92.6,3.18,13.18,1.271,6.333
93.6,2.36,10.55,-2.008,6.169
93.6,3.25,9.3,-1.884,6.167
94.6,2.41,8.61,-2.119,6.215
95.6,0.89,7.97,-1.948,6.342
96,1.17,9.74,-1.838,6.386
92.3,3.78,7.64,-2.255,6.247
92.6,4.03,6.4,-2.018,6.341
92.7,0.32,10.51,-2.247,6.209
92.5,2.03,9.34,-2.324,6.342
94.7,1.69,7.08,-2.176,6.493
83.8,2.8,-0.43,-2.086,6.172
93.7,3.14,8.8,-1.958,6.485
92.5,2.52,7.13,-2.09,6.261
92.6,2.86,8.26,-2.123,6.339
92.9,3.26,8.81,-2.045,6.27
93.5,1.69,9.94,-2.12,6.258
94.7,2.83,9.5,-1.945,6.41
95.2,0.65,10.29,-2.361,6.103
94.2,1.2,10.92,-2.401,6.191
93.8,0.1,11.22,-2.027,6.095
93.3,2.84,9.51,-2.3,6.131
93.4,2.16,10.84,-2.162,6.153
93.3,1.83,11.19,-2.219,6.296
92.1,1.28,9.6,-2.335,6.151
93.7,2.48,7.81,-2.051,6.399
92,-4.81,9.35,-2.477,6.028
92.3,-8.59,6.23,-2.45,5.937
92.2,-6.65,8.47,-2.639,5.862
90.4,-1.91,9.83,-2.308,6.189
84.6,-9.04,3.01,-2.867,5.912
77.4,6.62,-7.34,-2.976,6.027
84.7,0.78,4.8,-2.818,6.012
89.8,-4.77,8.24,-2.553,6.021
76.1,8.11,-6.95,-3.193,6.225
85.9,2.06,4.06,-2.667,5.973
92.4,-9.2,8.47,-2.306,5.982
91.4,-10.08,7.21,-2.786,5.949
87.1,0.7,4.24,-2.723,5.907
92.5,-7.5,6.96,-2.61,5.749
91.4,-8.03,9.44,-2.389,6.109
85.5,0.04,2.09,-2.712,6.072
91.2,-12.53,8.16,-2.419,6.169
86.5,0.52,2.49,-2.829,5.793
93.6,-4.61,8.8,-2.5,5.904
93.6,-8.08,7.28,-2.397,5.935
85.4,2.86,-0.13,-2.773,6.102
91.8,-9.91,6.74,-2.678,6.019
91.4,-9.25,6.2,-2.766,6.023
91.3,-2.64,9.25,-2.516,5.992
84.4,-11.8,2.6,-2.92,6.189
92.4,-8.48,8.74,-2.793,5.878
77.5,5.95,-8.7,-2.96,6.101
91.6,-11.07,6.11,-2.728,6.236
86.1,0.11,2.88,-2.695,5.986
91.5,-11.06,6.31,-2.861,5.892
90.3,-8.75,4.92,-2.889,5.887
84.9,-7.86,4.9,-2.992,5.741
91,-8.51,10.21,-2.701,6.18
92.3,-7.92,7.78,-2.4,5.973
84.7,-10.32,2.92,-3.008,5.853
83.5,-9.99,4.02,-2.787,6.063
92.6,-12.19,6.75,-2.592,5.979
92.1,-6.34,6.88,-2.365,6.088
92.8,-4.24,9.91,-2.271,6.112
85.9,1.75,2.22,-2.261,5.866
92.9,-1.84,10.39,-2.303,6.178
76.7,6.12,-7.75,-2.667,6.146
92.2,-6.18,8.7,-2.36,6.08
92.9,-7.28,8.56,-2.315,6.158
92.6,-6.91,9.04,-2.325,6.065
91.3,-6.13,8.5,-2.286,6.329
92.8,-7.74,5.74,-2.405,6.161
94.3,-1.97,9.05,-2.36,6.008
77.1,9.24,-2.8,-2.771,5.977
93.8,-3.25,10.03,-2.225,6.058
93.5,-8.35,6.46,-2.627,5.961
84.4,-8.21,6.27,-2.771,5.876
86.5,2.3,2.63,-2.656,5.878
87.5,0.36,4.67,-2.546,5.903
90.4,-7.68,7.75,-2.234,6.28
91.7,-6.36,7.85,-2.693,5.859
77,8.25,-9.37,-3.097,6.324
84.5,-6.59,4.05,-2.955,6.055
91.1,-3.66,9.72,-2.703,6.071
91.3,-2.91,11.33,-2.625,6.106
91.9,-9.39,5.7,-2.521,6.033
92.6,-12.69,7.24,-2.542,5.889
93.2,-5.06,10,-2.342,5.934
85.7,1.09,3,-2.854,6.028
92.1,-6.31,7.14,-2.551,5.956
91.1,-4.07,10.67,-2.496,6.095
93.1,-8.42,7.72,-2.382,5.93
93.1,-3.08,11.55,-2.366,5.917
85.6,1.21,1.18,-2.708,6.001
91.3,-2.53,7.83,-2.406,5.992
84.2,-9.34,7.12,-2.807,5.918
86.6,0.1,2.58,-2.554,5.908
85.1,0.2,0.87,-2.783,5.983
93.8,-3.8,8.87,-2.371,5.812
77.6,6.82,-7.88,-2.974,6.096
85.6,-8.38,7.48,-2.75,5.534
93.4,-8.2,6.99,-2.281,5.844
91.4,-6.07,9.65,-2.471,6.042
76.6,7.83,-6.87,-2.771,6.065
76.8,6.65,-8.08,-2.966,6.026
91.7,-8.29,5.06,-2.874,5.888
84.9,-9.81,7,-3.1,5.91
85.3,0.71,1.8,-2.63,6.07
92.2,-3.9,8.78,-2.411,5.954
92.5,-6.82,8.28,-2.588,6.02
92.3,-7.61,11.06,-2.148,5.994
85.9,0.41,3.26,-2.777,5.726
64.9,-3.29,5.35,-3.302,7.084
67.1,-3.98,6.26,-3.21,6.954
77.4,3.49,-7.59,-3.104,5.893
85.6,1.94,3.66,-2.641,6.171
92.2,-9.44,6.3,-2.474,6.181
91.4,-2.29,10.31,-2.363,6.257
84.3,-9.2,2.83,-2.989,5.705
78,8.25,-5.25,-2.963,5.95
93.1,-8.45,8.61,-2.53,5.985
87.1,0.28,3.81,-2.694,6.009
93.6,-5.55,10.17,-2.3,5.899
91.9,-7.16,6.12,-2.656,5.946
92.4,-8.17,7.43,-2.302,6.028
91.4,-8.55,7.79,-2.538,5.904
92.3,-4.33,9.24,-2.412,5.979
91.5,-8.01,7.55,-2.889,5.926
90.8,-4.66,11.77,-2.467,6.315
84.6,-9.81,6.02,-2.752,5.812
84,-8.93,4.37,-2.996,6.05
91.7,-7.05,6.63,-2.765,5.988
85.9,3.12,1.68,-2.794,6.123
91.5,-7.35,7.45,-2.54,5.942
93.8,-2.31,8.75,-1.247,5.699
83,3.8,0.63,-1.262,5.886
92.4,-1.48,8.8,-1.044,5.802
91.4,-1.3,5.97,-1.35,5.537
83.6,3.12,-0.33,-1.198,5.685
92.4,-2.29,8.1,-1.076,5.756
93.1,-2.97,9.89,-0.959,5.734
84.7,4.49,1.1,-0.957,5.842
82.8,4.89,0.73,-1.066,5.902
82.6,4.34,2.43,-1.186,5.953
82.3,3.51,0.11,-0.878,5.83
83,3.46,-0.52,-0.952,5.669
83.3,6.82,1.92,-0.815,6.055
92.6,-1.71,10.05,-1.042,5.642
84.6,2.33,0.52,-1.019,5.771
83.6,3.38,0.63,-1.066,5.758
93.2,-3.2,7.7,-1.192,5.775
92.3,-1.34,7.71,-1.211,5.599
92.8,-1.71,9.82,-1.066,5.902
93.8,-3.72,10.31,-1.1,5.611
91.1,10.8,3.55,1.356,5.738
91.5,9.94,4.52,1.378,5.785
83.9,-0.83,-1.31,1.271,5.64
84.7,-1.07,-0.91,1.597,5.663
84.1,1.44,-2.41,1.56,5.436
89.7,11.96,2.71,1.511,5.742
81.6,-2.18,-2.39,1.985,5.895
91.2,11,3.23,1.315,5.843
83.5,-1.65,-2.18,1.568,5.653
91.6,12.36,4.03,1.447,5.768
91.6,10.41,4.72,1.349,5.769
91.7,10.55,4.78,1.464,5.958
82.1,-3.27,-2.51,1.671,5.695
89.8,10.21,7.34,1.737,5.916
76.1,-3,-6.33,1.453,6.103
83.5,8.99,6.39,1.627,5.775
85.8,-0.72,4.53,1.805,5.822
84.2,8.17,5.53,1.588,5.776
83.2,7.45,5.07,1.568,5.87
74.4,-3.61,-4.41,1.659,6.299
83.6,8.28,5.42,1.679,5.871
84.3,-2.15,3.2,1.646,5.698
84.2,-1.12,2.56,1.714,5.941
84.4,5.13,8.31,1.614,6.001
84.9,-0.44,5.01,1.735,5.834
74.1,-2.63,-4.17,1.478,6.208
76.1,-6.78,-4.25,1.631,6.155
91.3,4.53,12.09,1.606,5.984
84.6,8.4,6.88,1.329,5.823
90.3,10.35,8.48,1.597,5.85
84.3,-3.16,4.89,1.647,5.973
91,7,9.85,1.71,5.968
85.8,10.12,5.41,1.7,5.897
84.7,-1.78,2.41,1.661,5.989
90.1,7.27,9.74,1.739,5.915
89.2,7.08,9.04,1.45,5.968
83.3,9.06,5.36,1.612,5.882
89.9,7.67,10.67,1.49,6.035
84.2,2.16,4.82,1.479,5.842
90.7,8.11,9.59,1.692,5.858
90.2,6.56,8.21,1.467,5.961
90.8,5.11,12.36,1.709,5.901
90,6.76,12.24,1.705,5.869
74.7,-6.24,-5.08,1.578,6.157
90.6,7.39,10.54,1.484,5.903
91.2,5.84,8.82,1.425,5.815
91.8,7.29,9.89,1.548,5.827
91.9,7.05,9.84,1.349,5.838
90.7,5.06,9.8,1.55,5.906
91.5,6.13,9.43,1.471,5.945
91.6,6.17,10.51,1.556,5.954
84.6,9.81,7.11,1.505,5.88
89.6,9.3,8.28,1.53,5.911
90.8,5.48,11.19,1.492,5.987
74.9,-7.49,-7.54,1.538,6.411
91.7,4.66,11.35,1.674,5.984
90.8,6.47,9.96,1.662,5.998
91.7,7.66,8.15,1.659,5.758
90,11.6,5.91,1.554,5.83
89.5,10.5,7.15,1.522,5.978
89.2,8.46,11.15,1.926,6.033
88.2,10.83,6.16,1.807,5.818
89.2,7.67,8.5,1.663,5.76
73.4,-6.46,-7.43,1.615,6.149
84,-0.93,4.24,1.568,5.986
89.4,11.44,8.1,1.609,5.917
90.5,5.22,10.34,1.671,5.819
84,7.57,4.89,1.511,5.796
73.7,-6.22,-6.46,1.537,6.102
89.7,9.57,7.92,1.72,5.759
83.6,9.91,4.69,1.632,5.822
88.8,10.68,4.77,1.747,5.972
83.7,-3.93,3.27,1.679,6.052
84.2,-2.95,4.57,1.517,5.816
92.1,5.66,10.84,1.678,6.031
91.5,6.88,9.52,1.446,6.016
84.8,-1.88,5.32,1.653,5.994
90.6,5.89,9.5,1.454,5.878
90.3,8.1,6.04,1.536,5.834
89.8,4.78,10.24,1.563,5.839
86.6,0.73,4.84,1.72,5.824
91.3,9.95,9.93,1.49,5.829
83.1,-3.39,3.32,1.59,5.955
84,-1.57,3.58,1.432,5.829
91.2,5.64,9.05,1.643,5.933
92.2,6.46,7.45,1.426,5.919
90.7,7.95,9.82,1.575,5.749
88.8,8.54,8.34,1.551,5.859
71.6,-7.06,-7.9,1.78,6.242
90.1,6.14,10.95,1.74,5.935
72.9,-4.81,-6.53,1.622,6.13
89.4,7.4,5.24,1.654,5.73
89.7,10.67,5.95,1.731,5.875
93.1,-10.07,9.71,-2.384,5.762
90.6,-1.29,7.8,-2.602,5.827
90.1,1.51,7.06,-2.62,5.945
93.5,-12.79,5.22,-2.136,5.84
76.9,-4.93,5.17,-3.239,6.529
78.5,-3.9,8.35,-3.101,6.506
78.4,-5.68,9.08,-3.226,6.611
77.2,-7.74,7.66,-3.308,6.503
94.5,-6.25,9.91,-2.169,5.958
93,-10.42,6.78,-2.566,5.827
94.2,-4.27,8.59,-2.324,5.755
92.6,-7.39,7.82,-2.473,5.852
93.6,-4.73,9.36,-2.303,5.856
94.3,-9.98,7.76,-2.12,5.826
94.3,-6.35,11.26,-2.3,5.963
80.6,2.51,-4.48,-2.642,6.101
80.7,3.61,-5.96,-2.471,5.933
93.9,-4.68,10.14,-2.417,5.68
93.8,-7.42,9.34,-2.389,5.617
93.7,-8.48,7.97,-2.609,5.602
86.4,2.36,-2.47,-1.929,6.347
95.3,-0.19,9.39,-1.557,6.254
94.2,-1.32,8.12,-1.723,6.197
95.9,-6.17,6.17,-1.407,6.351
87.8,2.63,-0.64,-1.755,6.216
87.6,4.3,2.2,-1.554,6.314
85,1.85,-3.68,-1.753,6.293
88.1,2.24,-0.76,-1.435,6.298
90.6,-2.47,5.72,-1.24,6.57
90,2.53,2.96,-1.258,6.452
79.5,2.78,-12.05,-1.236,6.714
91.8,4.43,4.42,-1.088,6.294
89.9,4,0.5,-1.344,6.443
91.6,1.02,3.29,-1.371,6.383
91.8,-3.2,8.09,-1.383,6.578
80.3,-0.62,-12.77,-1.149,6.856
90.3,1.29,3.25,-1.188,6.447
81.6,5.43,-9.42,-1.117,6.568
80.8,3.84,-12.33,-1.193,6.696
92.1,-3.78,8.68,-1.491,6.612
91.9,-3.74,5.85,-1.585,6.483
91,1.42,4.54,-1.344,6.321
94.8,-11.02,3.5,-2.426,6.378
94.2,-10.59,3.85,-2.603,6.389
94,-11.23,1.38,-2.613,6.446
95.5,-9.09,4.45,-2.411,6.689
86.3,-1.16,-1.54,-2.601,6.622
94.6,-10.57,3.15,-2.323,6.495
85.9,-0.66,-2.15,-2.785,6.619
95.1,-12.32,0.66,-2.64,6.406
93.7,-9.83,5.46,-1.411,6.076
82.6,-10.35,4.25,-1.822,6.022
94.6,-5.88,10.6,-1.384,5.991
94.2,-5.88,8.23,-1.493,5.978
94.4,-6.12,10.41,-1.433,6.159
95.1,-5.43,9.46,-1.303,6.07
84.1,-8.37,4.88,-1.407,6.063
95.9,-5.04,7.89,-1.507,6.087
83.8,-10.99,3.2,-1.487,6.208
92.5,-5.58,9.76,-1.697,6.148
93.7,-5.78,8.22,-1.65,6.084
93.7,2.06,3.03,-1.63,5.86
94.7,0.13,4.25,-1.49,5.67
88.2,-6.66,5.54,-1.43,5.71
88.5,-5.05,2.64,-1.52,5.64
93.8,1.37,5.28,-1.54,5.7
94,2.63,4.67,-1.59,5.75
94.4,2.38,5.99,-1.65,5.71
93.6,0.32,3.07,-1.57,5.47
94.6,0.21,4.96,-1.75,5.64
93.5,1.97,2.58,-1.53,5.74
94.1,1.98,3.49,-1.61,5.72
93.8,2.17,3.86,-1.71,5.75
93.9,-1.94,4.37,-1.67,5.75
94.3,-0.45,4.5,-1.62,5.92
94.7,-1.26,6.73,-1.72,5.79
97,-5.73,4.99,-1.68,5.97
95.4,-4.74,5.04,-1.36,6
96.4,-5.19,5.76,-1.63,5.91
94.1,0.11,3.27,-1.58,5.6
94.5,3.12,3.58,-1.86,5.69
94.2,1.86,2.95,-1.62,5.7
95.4,-5.01,5.85,-1.31,5.91
87.1,-7.08,1.43,-1.23,5.91
94.6,0.74,3.61,-1.39,5.79
93.5,2.24,6.94,-1.79,5.92
92.9,1.47,7.08,-1.56,5.91
93.9,2.13,4.61,-1.41,5.81
93.1,0.05,3.62,-1.7,5.95
97.7,-5.48,6.85,-1.82,5.87
93.9,1.33,3.25,-1.62,5.84
93.7,1.43,3.76,-1.98,5.71
98.6,-7.16,2.64,-1.5,5.84
94.6,2.76,3.23,-1.73,5.85
95.8,-6.22,6.71,-1.42,5.97
90.4,-2.42,7.58,-2.47,5.79
75.6,5.83,-4.43,-2.67,5.81
90.7,-2.13,7.77,-2.35,5.86
91.6,-1.11,8.17,-2.27,5.76
92.3,-1.85,10.22,-2.34,5.76
91.3,-2.58,7.75,-2.46,5.61
92,-2.37,8.14,-2.51,5.81
91.4,-6.78,4.68,-2.38,5.53
91.9,-5.87,2.31,-2.42,5.58
75.8,6.02,-5.47,-2.5,6
85.5,-7.08,1.79,-2.4,5.62
85.9,-6.9,1.22,-2.35,5.78
90.9,-5.04,5.09,-2.63,5.72
84.4,-6.6,1.9,-2.32,5.86
90.9,-6.75,3.92,-2.54,5.61
91.3,-3.91,5.55,-2.53,5.61
92.2,-3.34,7.93,-2.49,5.69
91.6,-0.95,8.07,-2.39,5.86
75.9,8.22,-6.32,-2.66,5.72
92,-1.58,8.68,-2.46,6.03
90.9,-4.71,5.02,-2.46,5.67
76.5,8.93,-4.01,-2.91,5.84
76.7,5.24,-5.96,-2.91,5.87
91.7,-1.6,8.79,-2.45,5.85
74.7,5.61,-6.13,-2.81,5.88
82.9,-6.78,5.09,-2.43,5.84
91.6,-2.98,9.71,-2.2,5.58
89.9,-4.42,9.11,-2.44,5.76
83.9,-4.15,1.75,-2.5,5.92
90.5,-1.06,9.11,-2.47,5.8
75.7,8.76,-5.61,-2.47,6.04
77.3,6.41,-4.78,-2.58,5.89
77.3,5.98,-6.09,-2.74,5.91
90.6,-1.78,5.86,-2.57,5.84
84.2,-4.9,1.77,-2.48,5.72
85.5,-4.22,3.06,-2.34,5.81
91.5,-1.85,7.77,-2.45,5.64
85.4,-6.55,3.04,-2.47,5.54
91.5,-1.21,8.24,-2.36,5.76
90.8,-2.8,7.52,-2.51,5.66
84.6,-6.05,1.91,-2.51,5.76
90.7,-1.6,9.75,-2.41,5.68
90.8,-0.78,10.58,-2.22,5.73
90.6,-0.95,10.65,-2.19,5.73
91.3,-1.57,8.73,-2.38,5.71
91.2,-3.56,8.08,-2.35,5.82
88.2,-6.71,4.71,-2.54,5.77
91.3,-6.18,5.84,-2.47,5.76
84,-4.18,2.76,-2.6,5.61
91.1,-5.83,5.79,-2.28,5.6
75.8,5.07,-8.1,-2.81,5.83
90.1,-7.05,4.23,-2.4,5.9
90.2,-6.32,7.27,-2.32,5.75
90.7,-0.49,6.94,-2.28,5.81
83.6,-3.97,1.95,-2.55,5.95
91,-2.93,9.77,-2.31,5.78
84.3,-5.79,0.86,-2.27,5.98
83.3,-5.8,3.05,-2.24,6.05
86.3,-4.69,4.86,-2.3,5.78
92.2,-6.14,6.53,-2.44,5.7
84.7,-5.11,2.06,-2.44,5.74
91.7,-7.38,5.98,-2.52,5.64
76.9,7.72,-5.55,-2.71,5.91
91.3,-1.37,10,-2.42,5.7
91,-1.95,8.53,-2.41,5.75
84.3,-5.49,3.58,-2.32,5.64
84.9,-5.36,5.7,-2.26,5.66
92,-6.91,6.47,-2.46,5.69
90.7,-4.75,5.6,-2.52,5.66
84.9,-5.37,3.75,-2.41,5.73
90.6,-6.3,4.54,-2.5,5.63
92.1,-5.72,5.13,-2.29,5.6
76.3,5.57,-7.06,-2.68,5.81
92.2,-5.58,4.26,-2.43,5.7
77.4,5.04,-8.02,-2.74,5.96
91.6,-7.01,2.02,-2.62,5.72
83.6,-5.21,2.04,-2.56,5.79
84.4,-3.71,0.95,-2.33,5.8
85.2,-6.03,1.71,-2.41,5.84
75.7,6.65,-6.43,-2.55,6
75.8,6.15,-3.44,-2.51,5.97
73.6,7.59,-3.98,-2.62,6.05
90.9,-1,9.72,-2.2,5.81
90.8,-6.65,5.58,-2.38,5.95
90.9,-2.18,7.54,-2.36,5.85
74.7,7.82,-8.1,-2.65,6.08
90.5,-1.12,9,-2.43,5.76
84.9,-7.76,2.16,-2.54,5.7
90.4,-3,10.67,-2.45,5.7
91.4,5.81,9.87,2.29,5.45
91.7,7.32,10.08,2.49,5.33
92.2,7.11,10.8,2.47,5.37
93.4,5.48,9.23,2.1,5.42
89.5,3.04,4.8,2.28,5.51
92.9,6.77,7.63,2.52,5.38
84.6,11.21,3,2.32,5.42
93.7,9.25,10.22,2.26,5.36
93.2,8.58,10.11,2.15,5.46
74.8,-3.67,-6.26,2.36,5.68
93,5.34,8.78,2.32,5.64
